13081387
11517498
11517498
11517498
11517498
11517498
27444210
43526308
41728442
30259157
21290475
29388067
41563486
13081387
31364507
32365221
31574781
16194085
25289846
30987470
16616443
34649375
24208516
31583039
42373389
29424608
29424608
26303486
56487417
25818563
42883182
32832253
40617647
35853367
35073701
38037730
28142412
27601324
25019849
25019849
28692927
22024132
26259495
26259495
15011238
26874564
32096719
17615394
41910550
21046787
21046787
21046787
40242945
30407997
27016790
31634938
38758012
16181528
16181528
16181528
16181528
16181528
16181528
42308285
31489199
33581947
35037861
26994527
27682871
17272241
17272241
17272241
32318045
13397597
41917083
45240118
31081882
40039880
38151614
34984859
29109990
25217551
34325006
28856830
21500135
36445130
39840847
37501379
29605556
56487417
32766609
57073128
88489012
37380253
75114818
32319556
89837316
89837316
89837316
89973511
28839472
40362266
71273814
40238875
36887613
12515596
13397597
13397597
13397597
36970413
36073705
80834918
38848429
27355943
32322697
73563119
26259495
19857689
10360641
10360641
10360641
10360641
10360641
10360641
10360641
10360641
10360641
10360641
10360641
10360641
10360641
10360641
10360641
10360641
10360641
10360641
10360641
10360641
10360641
10360641
10360641
10360641
10360641
10360641
10360641
10360641
10360641
10360641
10360641
10360641
10360641
10360641
10360641
10360641
10360641
10360641
10360641
10360641
10360641
10360641
10360641
10360641
10360641
10360641
10360641
10360641
10360641
10360641
10360641
10360641
10360641
10360641
10360641
10360641
10360641
10360641
10360641
10360641
10360641
10360641
10360641
10360641
10360641
10360641
10360641
10360641
10360641
10360641
10360641
10360641
10360641
10360641
10360641
10360641
10360641
10360641
10360641
10360641
40763333
39986957
19278778
30907302
30715349
33505655
26885191
26885191
66662713
30531620
52891728
33166672
33492715
30195256
28327897
11527132
21035246
12558198
10033764
21113786
21113786
21113786
21113786
40620532
16181528
41542438
16181528
19613178
30613899
26019095
11935893
17888749
40101608
16941433
10117224
10117224
10117224
10117224
10117224
10117224
10117224
10117224
10117224
10117224
10117224
10117224
10117224
10117224
10117224
10117224
10117224
10117224
10117224
10117224
10117224
10117224
10117224
10117224
10117224
10117224
10117224
10117224
10117224
39695065
36227370
30920961
38714295
27529135
33042787
28886284
17881248
41318031
27971652
28108893
22139118
40615695
34027153
30698398
66607917
31753112
29512124
30046935
34731799
26084369
32696589
14982442
14982442
14982442
14982442
14982442
31058724
21004782
21004782
40911995
17555200
73194415
73194415
32837131
34605866
28865236
28865236
52843111
15476508
38643878
35399593
35954716
18605600
32512208
37306649
37306649
37306649
82966811
19938700
35247092
35247092
35247092
35247092
35247092
26134145
41435658
38883275
27773664
76554714
42405310
37439371
34468532
35241817
21281573
38554565
62756217
62756217
62756217
62756217
62756217
62756217
62756217
62756217
62756217
62756217
62756217
62756217
62756217
62756217
26240018
43247255
25544137
34702845
43978586
18581507
36044543
27624499
30368606
25942590
26781604
20804505
81623813
25189000
25189000
25189000
40144625
21113786
39317206
30712226
27711650
40482512
35394265
40747842
20121483
32677398
28113927
21432288
35416528
43078542
36696796
37059846
41388722
28657501
30564952
35114009
40473769
32279597
14150730
39259508
35407308
39259575
32319548
41366877
41284005
21432288
36926147
41370882
36408596
29715920
31755123
10547695
26933676
30594320
21432288
28137303
21432288
32955975
27963552
35516891
10547695
10547695
10753694
44314711
19555305
19555305
19555305
19555305
19555305
19555305
19555305
19555305
19555305
19555305
19555305
19555305
19555305
19555305
19555305
19555305
19555305
19555305
19555305
10152879
16314439
16314439
16314439
14974237
16993344
37783315
37783315
37783315
37783315
37783315
37783315
37783315
37783315
37783315
37783315
37783315
37783315
37783315
37783315
37783315
37783315
37783315
37783315
37783315
37783315
37783315
37783315
37783315
83433213
35236317
27626920
82553711
81664919
81664919
19089800
73385113
38841297
38841297
38841297
38841297
38841297
38841297
38841297
38841297
38841297
11159397
19420604
19420604
19420604
19420604
19420604
19420604
19420604
16993344
31939135
39351803
28325606
11517498
33880677
25585275
40988807
33244495
38977512
10587786
31869609
38588362
10606276
78779411
27367380
18369184
15961538
18317648
19289206
20126337
20126299
38878476
40854053
42636711
31769078
41563486
41583991
34624151
38878433
29010749
34693765
42395498
30833422
18133202
36090227
26459680
27645321
28707762
26312086
26259495
26259495
37942766
40695338
31056187
41651636
38226061
19755630
28147902
33065000
34202664
28328702
42689777
35468641
26752434
39291134
18057999
68771919
36986239
31477212
31597919
41563494
40603212
34626669
33163495
35253106
43477579
25504038
38769987
17932292
37242195
37441325
34468664
27741436
43191969
42905437
20265000
34704406
25519485
19869504
39451166
40695362
28968906
36985313
37942782
41486767
28126107
35396705
26259495
26259495
35523502
29151423
26360080
43791109
41061987
37542547
30799534
33054947
19857689
37074098
33083939
40937366
21855103
28509499
38484613
29205647
26467330
33147732
38226088
34072299
29788421
39289091
36505001
27033644
39700883
26269288
36981466
20265086
26072697
39429047
24217604
34691231
40695354
27625398
39986957
27775764
32889034
20033142
43649973
42243264
39698862
38013599
18816474
31299365
40218572
28143729
33869576
38769979
32267890
34469989
40942327
19894975
29698228
33869908
32299156
28108265
33054939
32325084
33886454
27973361
33575432
33159323
18396998
42994693
27593569
33256930
41001909
27234461
26281075
24992144
27114768
19613178
33084021
38726390
17888749
17888749
17888749
17888749
17888749
17888749
17888749
17888749
17888749
17888749
17888749
42243191
41486759
37683558
36504935
33149999
31781175
25708237
35410880
19528944
33077041
42243299
42994669
30707583
38878468
37512680
43477595
24217817
37792225
33268130
40937382
26855756
40648046
28101457
39229706
42243272
39698854
26869781
41318031
42521000
35253122
42636738
25372816
29917957
38013645
40055886
35212892
33147767
38878506
38226096
39229684
39229668
35033858
35642641
19814831
42243205
39289075
39701146
33146280
37907243
41001917
32364497
33959443
26772621
33252196
43191942
42395536
40603883
40218599
26582644
29520739
18119994
27408451
35486224
27045936
42689742
35650326
39229714
42035807
42773689
28509499
41702141
33508042
43477587
40056092
42214612
42636703
40458441
36090235
33575289
38118951
27241484
34699615
39698935
32146856
30833244
33066767
37907227
34702845
25695429
31174708
38119001
36986247
33869568
30005252
21375500
26033543
30707397
38013580
36032804
36032804
17237977
17237977
17237977
17237977
17237977
17237977
17237977
17237977
17237977
17237977
17237977
17237977
17237977
17237977
17237977
17237977
17237977
17237977
17237977
17237977
17237977
17237977
17237977
17237977
17237977
17237977
17237977
17237977
17237977
17237977
17237977
17237977
17237977
17237977
27135285
35047093
21630098
31884683
13397597
13397597
13397597
13397597
13397597
41484446
31589045
26997577
37022713
37847526
30068394
29693730
30555066
27397387
36407018
31607892
32353525
37576409
36946164
36946164
10166896
10166896
10166896
10166896
10166896
10166896
10166896
10166896
10166896
10166896
10166896
10166896
10166896
10166896
10166896
17808486
26572517
30611292
37876925
18666685
14739777
17284592
26572517
26572517
26572517
26572517
26572517
26572517
26572517
26572517
26572517
26572517
26572517
26572517
26572517
26572517
26572517
26572517
26572517
26572517
26572517
26572517
26572517
26572517
26572517
26572517
26572517
26572517
26572517
26572517
26572517
26572517
26572517
26572517
26572517
26572517
26572517
26572517
26572517
26572517
26572517
26572517
26572517
26572517
26572517
26572517
26572517
26572517
26572517
26572517
26572517
26572517
26572517
26572517
26572517
26572517
26572517
26572517
26572517
26572517
26572517
26572517
26572517
26572517
26572517
26572517
26572517
26572517
26572517
26572517
26572517
26572517
37849340
21661945
26054788
42048984
26054788
42000531
42732214
38648276
29839972
30605101
19430189
12630972
14801677
32441017
30487532
14377948
42461806
21611042
29886016
39444909
19111490
19111490
19111490
76242518
32277071
27640095
34213143
81317119
27639070
41161523
28898541
28898541
38044184
21524778
25797159
33071620
69377114
26113644
79301515
21198943
39451646
38779885
30322355
31363470
28512813
36077662
29442649
12066376
17453971
30835220
78299428
30580737
10692997
25256069
11990789
10268702
10268702
27639070
87808319
13763798
27921949
19029484
19029484
40823565
26728460
24218104
26990491
26775833
10692997
63887528
36174609
19111490
19111490
19111490
19111490
19111490
19111490
19111490
19111490
19111490
19111490
19111490
19111490
19111490
19111490
52706211
11517498
11517498
11517498
11517498
11517498
11517498
11517498
38425919
11517498
11517498
11517498
29512086
11517498
11517498
11517498
11517498
11517498
11517498
11517498
11517498
38425919
11517498
11517498
11517498
11517498
11517498
11517498
11517498
11517498
11517498
11517498
11517498
11517498
11517498
11517498
11517498
11517498
11517498
11517498
11517498
11517498
11517498
11517498
11517498
11517498
11517498
11517498
11517498
11517498
11517498
11517498
11517498
11517498
11517498
11517498
11517498
11517498
11517498
11517498
11517498
11517498
11517498
11517498
11517498
20031611
11517498
11517498
11517498
11517498
11517498
11517498
11517498
11517498
11517498
11517498
11517498
11517498
11517498
11517498
20031611
11517498
11517498
11517498
11517498
11517498
11517498
11517498
11517498
11517498
11517498
11517498
11517498
11517498
35244751
39439271
36542748
50355810
37522430
35954716
31370450
31370450
31370450
31370450
31370450
31370450
31370450
31370450
31370450
31370450
31370450
31370450
31370450
31370450
31370450
31370450
31370450
31370450
31370450
31370450
31370450
31370450
31370450
35954716
35954716
35954716
35954716
35954716
35954716
35954716
35954716
35954716
35954716
35954716
35954716
35954716
35954716
35954716
35954716
35954716
35954716
25289846
25289846
25289846
25289846
25289846
25289846
25289846
25289846
25289846
25289846
25289846
25289846
35954716
35954716
38215213
35954716
35954716
35954716
35954716
35954716
35954716
35954716
35954716
26259495
17314718
39184710
31017513
26259495
66668118
43435612
43705873
35954716
26630797
26630797
26630797
26630797
26630797
26630797
26630797
26630797
26630797
26630797
26630797
26630797
26630797
26630797
26630797
26630797
26630797
26630797
26630797
26630797
26630797
26630797
26630797
26630797
26630797
26630797
26630797
26630797
26630797
26630797
26630797
26630797
26630797
26630797
26630797
26630797
26630797
26630797
26630797
26630797
26630797
26630797
26630797
26630797
26630797
26630797
26630797
26630797
26630797
26630797
26630797
26630797
43641727
26259495
26259495
26259495
26259495
26259495
26259495
26259495
26259495
26259495
26259495
26259495
26259495
26259495
26259495
26259495
26259495
26259495
26259495
26259495
26259495
26259495
26259495
26259495
26259495
26259495
26259495
26259495
26259495
26259495
26259495
26259495
26259495
26259495
26259495
26259495
26259495
26259495
26259495
26259495
26259495
26259495
69841414
26259495
26259495
26259495
35476628
37378364
26259495
26259495
41312319
27707211
20031611
69458416
26259495
26259495
16194913
26259495
44162318
26259495
17285718
57835818
26259495
25507118
57609419
43664913
20031611
64284215
24544710
26259495
14000410
61939318
40808728
26259495
66668118
68824915
43578324
40816526
34708622
30896009
34304017
31589045
29518084
34488959
34710856
42763462
35514740
35954716
35954716
35954716
35954716
35954716
35954716
35954716
35954716
35954716
35954716
35954716
35954716
35954716
35954716
35954716
35954716
35954716
35954716
35954716
35954716
35954716
35954716
35954716
35954716
35954716
35954716
35954716
35954716
35954716
35954716
35954716
35954716
35954716
35954716
35954716
35954716
35954716
35954716
35954716
35954716
35954716
35954716
35954716
35954716
35954716
35954716
35954716
35954716
35954716
35954716
35954716
35954716
35954716
35954716
35954716
35954716
35954716
35954716
35954716
35954716
35954716
35954716
35954716
35954716
35954716
35954716
35954716
35954716
35954716
35954716
35954716
35954716
35954716
35954716
35954716
35954716
35954716
35954716
35954716
35954716
35954716
35954716
35954716
35954716
35954716
41464615
67781716
39839636
40807675
40890408
60547416
29615004
42778613
66668118
29688397
43138219
38199234
38515667
65944316
70912414
35859799
28505108
50574911
50574911
50574911
50574911
50574911
28505108
28505108
28505108
28505108
28505108
28505108
28505108
28505108
28505108
28505108
28505108
28505108
28505108
28505108
28505108
28505108
28505108
28505108
28505108
28505108
28505108
28505108
28505108
28505108
28505108
28505108
28505108
28505108
36558342
69458416
13590400
13590400
13590400
13590400
13590400
13590400
13590400
13590400
13590400
13590400
13590400
13590400
13590400
13590400
13590400
13590400
13590400
13590400
13590400
13590400
13590400
13590400
13590400
13590400
13590400
13590400
13590400
13590400
13590400
13590400
13590400
13590400
13590400
13590400
13590400
13590400
13590400
13590400
13590400
13590400
13590400
13590400
13590400
13590400
13590400
13590400
13590400
13590400
13590400
13590400
13590400
13590400
13590400
13590400
13590400
13590400
13590400
13590400
13590400
13590400
13590400
13590400
13590400
13590400
13590400
13590400
13590400
13590400
13590400
13590400
13590400
13590400
13590400
13590400
13590400
13590400
13590400
13590400
13590400
13590400
13590400
13590400
13590400
13590400
13590400
13590400
13590400
13590400
13590400
13590400
13590400
13590400
13590400
13590400
13590400
13590400
13590400
13590400
13590400
13590400
13590400
13590400
13590400
13590400
13590400
13590400
13590400
13590400
13590400
13590400
13590400
61417818
20744898
26259495
54246315
26259495
38425919
20031611
14009914
26259495
29512086
26259495
26259495
14078118
26259495
26259495
26259495
64620614
37904228
26259495
26259495
12673213
26259495
26259495
30009118
71137619
38880837
10033764
38818341
38180312
26630797
26630797
26630797
26630797
26630797
26630797
26259495
26214017
37831115
37810851
38714295
43437089
38714295
36483997
42602183
38714295
26812194
31461790
10075211
41962976
38714295
38714295
38714295
36684291
38714295
38714295
38714295
36922621
38714295
25099567
36545607
34938199
38714295
38714295
39065819
38714295
28283121
32279600
35789308
38714295
38012525
38714295
38714295
31200938
25366980
35242821
38714295
38714295
38714295
38714295
21778982
26005396
43578294
42365270
17667971
35402519
11222471
38857940
41022914
42597791
35954716
35954716
35954716
35954716
35954716
35954716
35954716
35954716
35954716
35954716
35954716
35954716
35954716
35954716
35954716
35954716
35954716
35954716
35954716
35954716
35954716
35954716
35954716
35954716
35954716
35954716
35954716
35954716
35954716
35954716
35954716
35954716
35954716
35954716
35954716
35954716
35954716
35954716
35954716
35954716
35954716
35954716
35954716
35954716
35954716
35954716
35954716
35954716
35954716
35954716
35954716
35954716
35954716
35954716
35954716
35954716
35954716
35954716
35954716
35954716
35954716
35954716
35954716
35954716
35954716
35954716
35954716
35954716
35954716
35954716
35954716
35954716
35954716
35954716
35954716
35954716
35954716
35954716
35954716
35954716
35954716
35954716
35954716
35954716
35954716
35954716
35954716
35954716
35954716
35954716
35954716
35954716
35954716
35954716
35954716
35954716
35954716
35954716
35954716
35954716
35954716
35954716
35954716
35954716
35954716
35954716
35954716
35954716
35954716
35954716
35954716
35954716
35954716
35954716
35954716
35954716
35954716
34883793
34883793
34883793
34883793
34883793
34883793
34883793
34883793
34883793
34883793
34883793
34883793
34883793
34883793
34883793
34883793
34883793
34883793
34883793
34883793
34883793
34883793
34883793
34883793
34883793
34883793
34883793
34883793
34883793
34883793
40075291
40075291
40075291
40075291
40075291
40075291
40075291
40075291
40075291
40075291
40075291
40075291
40075291
40075291
40075291
40075291
40075291
40075291
40075291
40075291
40075291
40075291
40075291
40075291
40075291
40075291
40075291
40075291
40075291
40075291
40075291
40075291
40075291
40075291
40075291
33960719
29133182
25380088
25380088
25380088
25380088
25380088
25380088
25380088
25380088
25380088
25380088
25380088
25380088
25380088
25380088
25380088
25380088
25380088
87212319
25380088
13502900
27866077
35954716
35954716
37286648
35233725
35723714
29103119
31424488
28293216
40407731
26134145
41271698
29940983
41939788
27773443
40926666
27271588
43215094
40008608
30604687
28154046
38952811
27228062
35040897
16364835
28509499
43361988
31403774
43807242
38714295
41702141
43393871
25081471
38973606
42546968
38714295
38714295
29838704
42163074
38715240
26904897
25975987
17155741
39432706
73222710
73250315
17555340
69342914
61842411
17510614
18623978
26259495
26259495
26259495
26259495
26259495
26259495
26259495
10501911
26259495
26259495
10831717
26259495
26259495
26259495
26259495
26259495
26259495
26259495
26259495
26259495
26259495
26259495
41312319
40653317
39436515
24247031
16194913
39136910
22960911
36894814
26259495
45943011
26259495
54660510
69167217
26259495
10708915
42709212
26259495
41287519
26259495
20031611
42224715
26259495
68061415
50310418
42384119
50310418
37176117
59827715
39136910
19217418
21151211
26259495
13304017
60547416
24544710
26259495
26259495
26259495
37954918
57873914
70081717
42715115
17165518
38425919
54311117
41614315
42351113
31239710
35714618
35829733
32674712
29629684
22587110
15242485
15242485
15242485
15242485
15242485
15242485
15242485
15242485
15242485
15242485
15242485
15242485
15242485
15242485
15242485
15242485
15242485
15242485
15242485
15242485
15242485
15242485
15242485
15242485
15242485
15242485
15242485
15242485
15242485
15242485
15242485
15242485
15242485
15242485
15242485
15242485
15242485
15242485
15242485
15242485
15242485
15242485
15242485
15242485
15242485
41064765
41392932
39982072
28685564
42267414
17943596
20941405
40987916
31070112
26987687
25189000
25189000
25189000
25189000
25189000
25189000
25189000
25189000
25189000
25189000
25189000
25189000
25189000
25189000
60547211
49992211
62177810
26024331
12477902
43169289
41018488
89645417
89645417
43251643
40724133
29421919
89645417
89645417
40737162
40508031
26911419
43365096
28480016
28480016
28480016
28480016
28480016
32643965
37471542
38632698
40860266
33760418
32556108
29226083
39135418
37436356
30897196
31331021
35507132
32468462
28655339
27528430
27528430
27528430
27528430
27528430
27528430
27528430
27528430
27528430
27528430
27528430
27528430
27528430
27528430
27528430
27528430
27528430
27528430
27528430
27528430
27528430
27528430
27528430
27528430
27528430
27528430
27528430
27528430
27528430
27528430
27528430
27528430
27528430
27528430
27528430
27528430
27528430
27528430
27528430
27528430
27528430
27528430
27528430
27528430
27528430
27528430
27528430
27528430
27528430
27528430
27528430
27528430
27528430
27528430
27528430
27528430
27528430
27528430
27528430
27528430
27528430
27528430
27528430
27528430
27528430
27528430
27528430
27528430
27528430
27528430
27528430
27528430
27528430
27528430
27528430
27528430
27528430
27528430
27528430
27528430
27528430
27528430
27528430
27528430
27528430
27528430
27528430
27528430
27528430
27528430
27528430
27528430
27528430
27528430
27528430
27528430
27528430
27528430
27528430
27528430
27528430
27528430
27528430
27528430
27528430
27528430
27528430
27528430
27528430
27528430
27528430
27528430
27528430
27528430
27528430
27528430
27528430
27528430
27528430
27528430
27528430
27528430
27528430
27528430
27528430
27528430
27528430
27528430
27528430
27528430
27528430
27528430
27528430
27528430
27528430
27528430
27528430
27528430
27528430
27528430
27528430
27528430
27528430
27528430
27528430
27528430
27528430
27528430
27528430
27528430
27528430
27528430
27528430
27528430
27528430
27528430
27528430
27528430
27528430
27528430
27528430
27528430
27528430
27528430
27528430
27528430
27528430
27528430
27528430
27528430
27528430
27528430
27528430
27528430
27528430
27528430
27528430
27528430
27528430
27528430
27528430
27528430
75082517
30815912
25477200
35819584
43043927
31054044
83231211
41018178
41018178
26573394
35239340
15665386
33368178
33164785
19176398
19176398
19176398
19176398
19176398
19176398
19176398
19176398
30349741
30815912
39884666
38629077
29411794
32064663
33947038
27422977
27616801
30489489
43186108
29921547
21293504
25002385
32101623
31785065
21293482
31284880
26461855
31874254
30205294
24257789
31849756
26019095
26400848
32261353
30246187
31785510
62756217
38641026
30527127
28472110
82607315
59297910
27069495
27278388
27278388
27278388
27278388
27278388
25441877
33739370
69927815
26400023
36027312
36447125
36447125
54416814
54416814
54416814
34479526
42702943
32578128
66055213
66055213
15933585
26523389
32947921
16556572
30706870
30706870
30706870
16556572
30729900
30706870
43435701
16092649
43493426
46098811
46098811
46098811
25823680
42285277
19534243
20886196
39676788
25818563
41812516
33600879
30706838
21425192
21425192
21425192
21425192
21425192
21425192
21425192
21425192
21425192
21425192
21425192
27273378
76470316
76470316
76470316
26364280
30615689
30615689
30615689
37502332
26273943
26273943
43026909
26273943
26273943
26273943
26273943
87544028
38662767
26273943
26273943
26273943
36997494
35143238
25555511
75748310
17162608
35484566
38706667
30615689
28252595
33770995
39542919
42907065
87544028
87544028
87544028
87544028
28853866
33368933
58142816
58142816
41639954
42647543
13824606
13824606
13824606
70276410
13824606
13824606
37318655
13824606
42907065
13824606
36534737
13824606
13824606
13824606
13824606
21107999
32102794
13824606
13824606
13824606
13824606
13824606
13824606
13824606
13824606
13824606
13824606
13824606
13824606
13824606
13824606
13824606
13824606
32449557
13824606
13824606
29154430
30717244
31077540
18015188
31429676
34479526
34479526
34479526
34479526
34479526
34479526
34479526
34479526
34479526
34479526
34479526
34479526
34479526
34479526
34479526
34479526
34479526
34479526
34479526
34479526
34479526
34479526
34479526
34479526
34479526
34479526
34479526
34479526
34479526
34479526
34479526
13824606
13824606
13824606
35380302
21755575
33954794
39293846
80684215
36931108
12381239
58191213
58191213
58191213
58191213
58191213
58191213
58191213
33345828
33345828
33345828
33345828
33345828
33345828
33345828
33345828
33345828
33345828
33345828
33345828
33345828
33345828
33345828
33345828
33345828
33345828
37218936
29287511
29287511
29287511
31947030
41198087
27645704
27093299
37242152
15200847
37124273
32767265
32556000
41445009
36476338
33395078
38024248
27746802
14974237
30355784
41705590
27355943
29287511
29287511
25952987
29287511
29287511
32154344
32154344
32087299
32087299
32087299
32087299
28108265
31152593
37757519
30582136
41918101
29287511
29287511
29287511
29287511
29287511
33509995
34578699
34578699
34578699
34578699
34578699
29424071
28117574
28117574
40930469
73266319
73266319
73266319
73266319
36732261
21883573
31583489
25852206
26273943
35837922
19267431
29287511
27437761
29287511
15294744
15294744
29287511
15294744
15294744
27557554
29424071
14595082
17871579
17871579
17871579
37032867
40206418
25251369
32603297
16548138
10166896
10166896
10166896
10166896
10166896
10166896
10166896
10166896
10166896
10166896
10166896
10166896
10166896
10166896
10166896
10166896
32287565
33359373
27770967
38438778
40343334
43842226
26317150
25845846
39593912
29789118
25586840
26419972
33576927
30525477
31180546
36437332
68766214
18310805
33285833
30346718
30346718
30346718
30346718
30346718
30346718
30346718
30346718
30346718
30346718
30346718
30346718
30346718
30346718
31270618
37293954
30508890
10089859
10089859
31946093
38741845
37744352
20223731
42443611
30080076
30080076
30080076
30080076
30080076
30080076
30080076
30080076
30080076
30080076
30080076
30080076
39884666
31628296
16186201
36212004
35212019
26328055
29135134
33574894
25940393
38374702
39422816
33234422
26830958
31262518
73676428
14168893
19842932
12951094
18606003
25869397
55595410
14017577
31596858
41885394
19098192
19098192
19098192
19098192
19098192
19098192
19098192
19098192
19098192
19098192
40659803
32467881
33496362
33963874
10091152
17201883
43186647
43186647
35975799
25818563
29780501
30697294
29624852
10100348
32774083
39651890
17641670
30802322
38152874
25229592
30700589
31152380
31152380
31152380
31152380
28098901
43187767
40474986
34230420
37323969
26246687
10148669
30364317
43203010
32071325
52126428
37859702
19267431
19267431
19098192
19098192
19098192
20754141
27077757
39423499
39423499
33263767
41560274
37785733
12858701
40596259
32331106
32331106
39423499
25590473
75388713
28285620
13245541
30554752
13004331
21397601
30543386
30543335
36700610
38741845
39518090
32678203
39923262
34045259
30080076
30080076
30080076
30080076
30080076
30080076
30080076
30080076
30080076
30080076
30080076
30080076
30080076
30080076
30080076
30080076
31081610
20096349
27451780
21419532
17642499
21863874
36425113
19098192
19098192
19098192
19098192
19098192
19098192
19098192
14951148
14951148
14951148
26328055
29405743
35251103
26964733
36732261
36732261
39162911
40511377
40511377
43896326
28516320
79018716
30847962
21144797
27541305
31081610
31081610
31081610
31755301
31081610
31081610
31081610
31081610
31081610
31081610
31081610
31081610
31081610
31081610
31081610
31081610
31081610
31081610
31081610
31081610
31491703
31081610
31081610
31081610
31081610
31081610
35475168
31081610
19400344
31081610
19267431
37792543
43389440
15146648
31081610
31081610
31081610
38497588
37915173
31081610
31081610
29772959





















